    #Muestra numJDBCCount numHTTPCount     numHTTPQ
           0            1            5          255
           1            3            5          285
           2            2            5          294
           3            1            5          296
           4            1            5          283
           5            1            5          292
           6            4            5          290
           7            2            5          238
           8            0            5          250
           9            2            5          209
          10            1            5          148
          11            1            5            0
          12            0            0            0
          13            0            0            0
          14            0            0            0
          15            0            0            0
          16            0            0            0
          17            0            0            0
          18            0            0            0
          19            0            0            0
          20            0            0            0
          21            0            0            0
          22            0            5           35
          23            1            5          153
          24            3            5          332
          25            2            5          357
          26            3            5          357
          27            2            5          380
          28            4            5          368
          29            1            5          379
          30            2            5          353
          31            1            5          366
          32            3            5          342
          33            3            5          355
          34            2            5          347
          35            1            5          339
          36            2            5          326
          37            3            5          258
          38            5            5          172
          39            5            2            0
          40            0            0            0
          41            0            0            0
          42            0            0            0
          43            0            0            0
          44            0            0            0
          45            0            0            0
          46            0            0            0
          47            0            0            0
          48            0            5           39
          49            1            5          191
          50            0            5          373
          51            0            5          445
          52            0            5          449
          53            1            5          437
          54            1            5          462
          55            4            5          425
          56            3            5          449
          57            2            5          432
          58            2            5          427
          59            2            5          431
          60            3            5          416
          61            2            5          421
          62            2            5          389
          63            1            5          423
          64            3            5          421
          65            1            5          415
          66            1            5          341
          67            3            5          266
          68            2            5          236
          69            3            5            0
          70            0            0            0
          71            0            0            0
          72            0            0            0
          73            0            0            0
          74            0            0            0
          75            0            0            0
          76            0            0            0
          77            0            5          143
          78            1            5          367
          79            0            5          476
          80            0            5          510
          81            1            5          532
          82            3            5          519
          83            0            5          499
          84            3            5          512
          85            3            5          507
          86            2            5          498
          87            5            5          498
          88            4            5          509
          89            1            5          505
          90            1            5          517
          91            2            5          512
          92            3            5          515
          93            2            5          483
          94            3            5          463
          95            2            5          475
          96            3            5          416
          97            4            5          377
          98            1            5          255
          99            0            5            8
         100            0            0            0
         101            0            0            0
         102            0            0            0
         103            0            0            0
         104            0            0            0
         105            0            0            0
         106            1            5          112
         107            1            5          477
         108            3            5          527
         109            1            5          519
         110            1            5          526
         111            3            5          508
         112            4            5          504
         113            2            5          522
         114            3            5          524
         115            3            5          522
         116            2            5          514
         117            1            5          516
         118            2            5          523
         119            5            5          502
         120            1            5          502
         121            2            5          451
         122            3            5          362
         123            2            5          204
         124            2            1            0
         125            0            0            0
         126            0            0            0
         127            0            0            0
         128            0            0            0
         129            0            0            0
         130            0            1            2
         131            2            5          250
         132            2            5          516
         133            4            5          518
         134            4            5          530
         135            0            5          536
         136            2            5          518
         137            0            5          524
         138            2            5          519
         139            4            5          516
         140            3            5          528
         141            1            5          535
         142            0            5          531
         143            0            5          551
         144            4            5          573
         145            4            5          295
         146            4            5            0
