    #Muestra numJDBCCount numHTTPCount     numHTTPQ
           0            0            5          219
           1            4            5          216
           2            3            5          231
           3            0            5          168
           4            3            5          188
           5            1            5          171
           6            2            5          147
           7            0            5          164
           8            4            5           81
           9            1            0            0
          10            1            0            0
          11            0            0            0
          12            0            0            0
          13            0            0            0
          14            0            0            0
          15            0            0            0
          16            0            0            0
          17            0            0            0
          18            0            0            0
          19            0            0            0
          20            0            0            0
          21            0            0            0
          22            0            0            0
          23            3            5          109
          24            2            5          274
          25            2            5          259
          26            3            5          265
          27            3            5          285
          28            0            5          290
          29            1            5          283
          30            4            5          283
          31            1            5          294
          32            1            5          238
          33            5            5          221
          34            3            5          206
          35            0            5          140
          36            1            5           15
          37            0            1            0
          38            0            1            0
          39            0            0            0
          40            0            0            0
          41            0            0            0
          42            0            0            0
          43            0            0            0
          44            0            0            0
          45            0            0            0
          46            0            0            0
          47            0            0            5
          48            3            5          110
          49            3            5          252
          50            0            5          361
          51            2            5          352
          52            3            5          382
          53            1            5          367
          54            1            5          363
          55            0            5          363
          56            0            5          354
          57            0            5          376
          58            1            5          351
          59            4            5          315
          60            3            5          347
          61            1            5          331
          62            3            5          302
          63            2            5          232
          64            2            5          107
          65            1            1            0
          66            0            0            0
          67            0            0            0
          68            0            0            0
          69            0            0            0
          70            0            0            0
          71            0            0            0
          72            0            0            0
          73            0            0            0
          74            1            5           73
          75            3            5          223
          76            2            5          403
          77            1            5          452
          78            2            5          458
          79            1            5          464
          80            2            5          469
          81            1            5          438
          82            0            5          442
          83            1            5          453
          84            2            5          434
          85            2            5          452
          86            3            5          402
          87            3            5          407
          88            2            5          422
          89            3            5          453
          90            3            5          410
          91            0            5          380
          92            1            5          327
          93            0            5          193
          94            3            1            0
          95            0            0            0
          96            0            0            0
          97            0            0            0
          98            0            0            0
          99            0            0            0
         100            0            0            0
         101            0            2            7
         102            0            5          186
         103            3            5          398
         104            1            5          488
         105            0            5          514
         106            0            5          517
         107            2            5          528
         108            4            5          522
         109            3            5          490
         110            3            5          498
         111            1            5          485
         112            1            5          509
         113            0            5          513
         114            4            5          508
         115            2            5          521
         116            0            5          491
         117            1            5          479
         118            1            5          461
         119            3            5          478
         120            1            5          456
         121            0            5          388
         122            0            5          339
         123            3            5          241
         124            2            5           80
         125            0            0            0
         126            0            0            0
         127            0            0            0
         128            0            0            0
         129            0            0            0
         130            0            0            0
         131            0            0            0
         132            1            5           84
         133            2            5          407
         134            2            5          530
         135            5            5          526
         136            2            5          532
         137            0            5          519
         138            4            5          525
         139            0            5          521
         140            4            5          516
         141            2            5          522
         142            2            5          510
         143            3            5          505
         144            1            5          514
         145            3            5          511
         146            2            5          529
         147            4            5          502
         148            2            5          427
         149            3            5          282
         150            1            5            0
         151            0            0            0
         152            0            0            0
         153            0            0            0
         154            0            0            0
         155            0            0            0
         156            0            0            3
         157            2            5          227
         158            1            5          476
         159            3            5          528
         160            1            5          524
         161            2            5          535
         162            3            5          523
         163            3            5          515
         164            0            5          520
         165            0            5          508
         166            1            5          532
         167            0            5          528
         168            5            5          531
         169            0            5          513
         170            3            5          483
         171            5            5          448
         172            5            3            0
