    #Muestra numJDBCCount numHTTPCount     numHTTPQ
           0            1            5          520
           1            3            5          520
           2            2            5          529
           3            1            5          523
           4            2            5          519
           5            2            5          521
           6            0            5          509
           7            2            5          511
           8            3            5          517
           9            5            5          514
          10            4            5          514
          11            1            5          523
          12            0            5          512
          13            3            5          427
          14            4            5          356
          15            3            5          215
          16            3            0            0
          17            0            0            0
          18            0            0            0
          19            0            0            0
          20            0            0            0
          21            0            0            0
          22            0            5          101
          23            2            5          357
          24            0            5          523
          25            5            5          528
          26            0            5          525
          27            2            5          534
          28            2            5          525
          29            3            5          522
          30            3            5          522
          31            3            5          522
          32            0            5          523
          33            1            5          536
          34            5            5          528
          35            2            5          497
          36            1            5          572
          37            5            5          144
          38            1            5           59
