    #Muestra numJDBCCount numHTTPCount     numHTTPQ
           0            3            5          360
           1            2            5          339
           2            0            5          381
           3            4            5          371
           4            3            5          369
           5            3            5          371
           6            3            5          358
           7            4            5          332
           8            1            5          327
           9            4            5          336
          10            2            5          343
          11            2            5          330
          12            4            5          267
          13            5            5          205
          14            3            5           67
          15            0            0            0
          16            0            0            0
          17            0            0            0
          18            0            0            0
          19            0            0            0
          20            0            0            0
          21            0            0            0
          22            0            0            0
          23            0            0            0
          24            2            4           60
          25            1            5          213
          26            3            5          393
          27            2            5          452
          28            2            5          452
          29            1            5          452
          30            2            5          457
          31            3            5          436
          32            4            5          445
          33            0            5          446
          34            4            5          441
          35            3            5          427
          36            1            5          414
          37            1            5          397
          38            4            5          421
          39            1            5          422
          40            3            5          408
          41            2            5          372
          42            2            5          324
          43            4            5          248
          44            4            5            0
          45            0            0            0
          46            0            0            0
          47            0            0            0
          48            0            0            0
          49            0            0            0
          50            0            0            0
          51            0            0           11
          52            2            5          197
          53            0            5          414
          54            1            5          494
          55            4            5          522
          56            0            5          537
          57            0            5          523
          58            0            5          517
          59            1            5          511
          60            2            5          508
          61            2            5          508
          62            5            5          489
          63            2            5          523
          64            2            5          521
          65            4            5          507
          66            3            5          511
          67            2            5          494
          68            3            5          485
          69            3            5          496
          70            1            5          466
          71            1            5          427
          72            2            5          392
          73            3            5          329
          74            4            5          179
          75            3            2            0
          76            0            0            0
          77            0            0            0
          78            0            0            0
          79            0            0            0
          80            0            0            0
          81            0            0            0
          82            2            5          109
          83            1            5          466
          84            2            5          524
          85            0            5          524
          86            2            5          523
          87            3            5          500
          88            3            5          515
          89            1            5          508
          90            0            5          522
          91            0            5          506
          92            0            5          515
          93            2            5          512
          94            3            5          520
          95            1            5          521
          96            4            5          517
          97            0            5          526
          98            1            5          510
          99            1            5          424
         100            0            5          334
         101            3            5           26
         102            1            0            0
         103            0            0            0
         104            0            0            0
         105            0            0            0
         106            0            0            0
         107            0            0            0
         108            1            5          153
         109            2            5          525
         110            2            5          520
         111            5            5          523
         112            2            5          525
         113            2            5          521
         114            1            5          523
         115            4            5          519
         116            0            5          522
         117            1            5          522
         118            1            5          524
         119            5            5          531
         120            0            5          504
         121            5            5          559
         122            5            5          171
         123            1            5           43
