    #Muestra numJDBCCount numHTTPCount     numHTTPQ
           0            1            5          450
           1            2            5          454
           2            1            5          457
           3            2            5          457
           4            2            5          436
           5            0            5          436
           6            4            5          442
           7            0            5          445
           8            3            5          440
           9            4            5          403
          10            2            5          404
          11            1            5          404
          12            0            5          441
          13            0            5          398
          14            0            5          370
          15            2            5          325
          16            3            5          240
          17            1            5            0
          18            0            0            0
          19            0            0            0
          20            0            0            0
          21            0            0            0
          22            0            0            0
          23            0            0            0
          24            0            0            0
          25            0            5           79
          26            1            5          304
          27            1            5          456
          28            1            5          515
          29            3            5          530
          30            0            5          501
          31            3            5          508
          32            2            5          507
          33            2            5          510
          34            1            5          510
          35            3            5          496
          36            4            5          521
          37            3            5          522
          38            4            5          512
          39            3            5          507
          40            5            5          494
          41            2            5          480
          42            0            5          467
          43            2            5          470
          44            0            5          405
          45            2            5          369
          46            2            5          259
          47            1            5           46
          48            0            0            0
          49            0            0            0
          50            0            0            0
          51            0            0            0
          52            0            0            0
          53            0            0            0
          54            0            4           41
          55            0            5          373
          56            2            5          520
          57            0            5          523
          58            3            5          518
          59            2            5          523
          60            1            5          527
          61            3            5          504
          62            4            5          517
          63            3            5          520
          64            1            5          517
          65            5            5          524
          66            3            5          516
          67            2            5          518
          68            0            5          523
          69            1            5          493
          70            2            5          431
          71            4            5          348
          72            5            5          163
          73            1            0            0
          74            0            0            0
          75            0            0            0
          76            0            0            0
          77            0            0            0
          78            0            0            2
          79            0            5          227
          80            1            5          478
          81            1            5          521
          82            1            5          517
          83            0            5          536
          84            2            5          527
          85            5            5          523
          86            1            5          514
          87            2            5          516
          88            3            5          531
          89            1            5          534
          90            1            5          530
          91            0            5          544
          92            5            5          564
          93            2            5          602
          94            5            5          161
          95            4            4           55
