    #Muestra numJDBCCount numHTTPCount     numHTTPQ
           0            0            5          495
           1            1            5          540
           2            0            5          525
           3            3            5          520
           4            4            5          515
           5            2            5          504
           6            0            5          487
           7            1            5          507
           8            3            5          495
           9            0            5          514
          10            5            5          520
          11            0            5          509
          12            3            5          491
          13            3            5          478
          14            1            5          469
          15            2            5          441
          16            1            5          462
          17            1            5          392
          18            3            5          334
          19            3            5          241
          20            4            5            0
          21            0            0            0
          22            0            0            0
          23            0            0            0
          24            0            0            0
          25            0            0            0
          26            0            0            0
          27            0            5          104
          28            2            5          440
          29            0            5          531
          30            5            5          524
          31            3            5          524
          32            0            5          510
          33            2            5          510
          34            5            5          525
          35            4            5          520
          36            3            5          515
          37            4            5          528
          38            1            5          519
          39            0            5          528
          40            1            5          525
          41            3            5          524
          42            0            5          532
          43            2            5          451
          44            4            5          409
          45            2            5          278
          46            2            3            0
          47            0            0            0
          48            0            0            0
          49            0            0            0
          50            0            0            0
          51            0            0            0
          52            0            5           51
          53            1            5          271
          54            1            5          510
          55            2            5          496
          56            5            5          528
          57            4            5          535
          58            4            5          523
          59            2            5          512
          60            4            5          524
          61            2            5          521
          62            2            5          532
          63            3            5          532
          64            4            5          531
          65            4            5          543
          66            3            5          576
          67            3            5          615
          68            5            5          213
          69            3            4            2
