    #Muestra numJDBCCount numHTTPCount     numHTTPQ
           0            0            0            0
           1            0            1            0
           2            0            0            0
           3            0            0            0
           4            0            0            0
           5            0            0            0
           6            0            0            0
           7            0            1            0
           8            0            0            0
           9            0            0            0
          10            0            0            0
          11            0            0            0
          12            0            0            0
          13            0            0            0
          14            0            0            0
          15            0            0            0
          16            0            0            0
          17            0            0            0
          18            0            0            0
          19            0            0            0
          20            0            0            0
          21            0            0            0
          22            0            0            0
          23            0            0            0
          24            0            0            0
          25            0            0            0
          26            0            0            0
          27            0            0            0
          28            0            0            0
          29            0            0            0
          30            0            0            0
          31            0            0            0
          32            0            0            0
          33            0            0            0
          34            0            0            0
          35            0            0            0
          36            0            0            0
          37            0            0            0
          38            0            0            0
          39            0            0            0
          40            0            0            0
          41            0            0            0
          42            0            0            0
          43            0            1            0
          44            0            0            0
          45            0            0            0
          46            0            0            0
          47            1            1            0
          48            0            3            0
          49            0            0            0
          50            0            1            0
          51            0            0            0
          52            0            0            0
          53            0            0            0
          54            0            0            0
          55            0            0            0
          56            0            0            0
          57            0            0            0
          58            0            1            0
          59            2            0            0
          60            0            0            0
          61            0            0            0
          62            0            0            0
          63            0            0            0
          64            0            0            0
          65            0            0            0
          66            0            0            0
          67            0            0            0
          68            0            0            0
          69            0            0            0
          70            0            0            0
          71            0            0            0
          72            0            0            0
          73            0            0            0
          74            0            0            0
          75            0            0            0
          76            0            0            0
          77            0            0            0
          78            0            0            0
          79            0            0            0
          80            0            0            0
          81            0            0            0
          82            0            0            0
          83            0            0            0
          84            0            0            0
          85            0            0            0
          86            0            0            0
          87            0            2            0
          88            0            0            0
          89            1            1            0
          90            0            1            0
          91            0            4            0
          92            1            1            0
          93            0            1            0
          94            0            1            0
          95            2            3            0
          96            0            0            0
          97            1            0            0
          98            0            1            0
          99            0            0            0
         100            0            1            0
         101            1            1            0
         102            3            0            0
         103            0            2            0
         104            1            0            0
         105            0            0            0
         106            0            1            0
         107            1            0            1
         108            0            0            0
         109            0            0            0
         110            0            0            0
         111            0            0            0
         112            0            0            0
         113            0            0            0
         114            0            0            0
         115            0            0            0
         116            0            0            0
         117            0            0            0
         118            0            0            0
         119            0            0            0
         120            0            0            0
         121            0            0            0
         122            0            0            0
         123            0            0            0
         124            0            0            0
         125            0            0            0
         126            0            0            0
         127            0            0            0
         128            0            0            0
         129            0            0            0
         130            0            0            0
         131            0            0            0
         132            0            0            0
         133            0            0            0
         134            0            0            0
         135            0            0            0
         136            0            0            0
         137            0            0            0
         138            0            2            0
         139            3            1            0
         140            1            5            1
         141            3            5            0
         142            3            0           43
         143            0            0            0
         144            0            1            0
         145            2            0            0
         146            1            1            0
         147            3            0            0
         148            0            1            0
         149            0            0            0
         150            0            2            0
         151            0            3            0
         152            0            0            0
         153            0            1            0
         154            0            0            0
         155            0            0            0
         156            0            0            0
         157            0            0            0
         158            0            0            0
         159            0            0            0
         160            0            0            0
         161            0            0            0
         162            0            0            0
         163            0            0            0
         164            0            0            0
         165            0            0            0
         166            0            0            0
         167            0            0            0
         168            0            0            0
         169            0            0            0
         170            0            0            0
         171            0            0            0
         172            0            0            0
         173            0            1            0
         174            0            0            0
         175            0            0            0
         176            0            3            0
         177            0            2            0
         178            0            5           24
         179            4            5           41
         180            5            5            0
         181            2            5           17
         182            0            5            1
         183            1            2            1
         184            0            0            0
         185            1            0            0
         186            0            0            0
         187            0            0            0
         188            0            1            0
         189            0            0            0
         190            0            1            0
         191            0            0            0
         192            0            0            0
         193            0            0            0
         194            0            0            0
         195            0            0            0
         196            0            0            0
         197            0            0            0
         198            0            0            0
         199            0            0            0
         200            0            0            0
         201            0            0            0
         202            0            0            0
         203            0            0            0
         204            0            0            0
         205            0            0            0
         206            0            0            0
         207            0            0            0
         208            1            1            0
         209            1            3            2
         210            2            4            0
         211            2            5          134
         212            0            5           56
         213            2            5          115
         214            2            5          118
         215            3            5           39
         216            4            5            2
         217            3            5            5
         218            1            5            0
         219            1            0            0
         220            0            1            0
         221            2            0            0
         222            0            0            0
         223            0            0            0
         224            0            0            0
         225            0            0            0
         226            0            0            0
         227            0            0            0
         228            0            0            0
         229            0            0            0
         230            0            0            0
         231            0            0            0
         232            0            0            0
         233            0            0            0
         234            0            0            0
         235            0            3            0
         236            0            0            0
         237            0            5           89
         238            0            5          216
         239            4            5          198
         240            2            5          199
         241            2            5          233
         242            0            5          168
         243            4            5          196
         244            0            5          177
         245            2            5          140
         246            5            5          138
         247            3            5           68
         248            3            3            0
         249            0            0            0
         250            0            0            0
         251            0            0            0
         252            0            0            0
         253            0            0            0
         254            0            0            0
         255            0            0            0
         256            0            0            0
         257            0            0            0
         258            0            0            0
         259            0            0            0
         260            0            1            0
         261            0            0            0
         262            2            5          105
         263            1            5          256
         264            1            5          269
         265            1            5          273
         266            3            5          287
         267            3            5          285
         268            4            5          291
         269            1            5          292
         270            2            5          284
         271            3            5          271
         272            1            5          250
         273            3            5          232
         274            3            5          163
         275            3            5           94
         276            2            5            0
         277            1            1            0
         278            0            0            0
         279            0            0            0
         280            0            0            0
         281            0            0            0
         282            0            0            0
         283            0            0            0
         284            0            0            0
         285            0            0            0
         286            0            1            5
         287            0            5          137
         288            3            5          264
         289            3            5          360
         290            3            5          338
         291            2            5          382
         292            0            5          368
         293            4            5          370
         294            1            5          364
         295            4            5          354
         296            5            5          341
         297            0            5          323
         298            0            5          329
         299            1            5          337
         300            3            5          326
         301            2            5          257
         302            2            5          159
         303            2            5            0
         304            0            0            0
         305            0            0            0
         306            0            0            0
         307            0            0            0
         308            0            0            0
         309            0            0            0
         310            0            0            0
         311            0            0            0
         312            0            1           62
         313            2            5          264
         314            2            5          424
         315            2            5          454
         316            4            5          451
         317            0            5          472
         318            4            5          428
         319            2            5          442
         320            0            5          444
         321            2            5          422
         322            0            5          441
         323            3            5          385
         324            2            5          405
         325            4            5          399
         326            0            5          434
         327            2            5          421
         328            4            5          417
         329            3            5          382
         330            3            5          320
         331            0            5          222
         332            1            0            0
         333            0            0            0
         334            0            0            0
         335            0            0            0
         336            0            0            0
         337            0            0            0
         338            0            0            0
         339            0            4            7
         340            2            5          177
         341            5            5          399
         342            1            5          493
         343            4            5          522
         344            0            5          528
         345            2            5          526
         346            2            5          519
         347            1            5          491
         348            1            5          497
         349            0            5          493
         350            3            5          505
         351            2            5          514
         352            3            5          523
         353            4            5          500
         354            4            5          519
         355            3            5          473
         356            5            5          468
         357            1            5          437
         358            3            5          453
         359            4            5          399
         360            4            5          369
         361            0            5          257
         362            4            5          118
         363            5            0            0
         364            0            0            0
         365            0            0            0
         366            0            0            0
         367            0            0            0
         368            0            0            0
         369            0            2            0
         370            2            5          287
         371            0            5          525
         372            3            5          530
         373            3            5          505
         374            0            5          517
         375            2            5          505
         376            4            5          524
         377            1            5          521
         378            1            5          521
         379            5            5          514
         380            2            5          509
         381            4            5          500
         382            4            5          518
         383            4            5          517
         384            2            5          532
         385            3            5          458
         386            2            3          418
         387            2            5          257
         388            2            5            0
         389            0            0            0
         390            0            0            0
         391            0            0            0
         392            0            0            0
         393            0            0            0
         394            0            0           12
         395            0            5          245
         396            2            5          483
         397            3            5          520
         398            2            5          517
         399            1            5          533
         400            4            5          523
         401            4            5          525
         402            3            5          521
         403            0            5          516
         404            4            5          512
         405            3            5          536
         406            5            5          529
         407            0            5          549
         408            4            5          495
         409            1            5          568
         410            0            4           94
