    #Muestra numJDBCCount numHTTPCount     numHTTPQ
           0            3            5           53
           1            2            0            0
           2            2            0            0
           3            1            1            0
           4            1            0            0
           5            0            0            5
           6            0            1            0
           7            0            1            0
           8            0            1            0
           9            0            1            0
          10            0            0            0
          11            0            0            0
          12            0            1            0
          13            0            0            0
          14            0            0            0
          15            0            0            0
          16            0            0            0
          17            0            0            0
          18            0            0            0
          19            0            0            0
          20            0            0            0
          21            0            0            0
          22            0            0            0
          23            0            0            0
          24            0            0            0
          25            0            0            0
          26            0            0            0
          27            0            0            0
          28            0            0            0
          29            0            0            0
          30            0            0            0
          31            0            0            0
          32            0            0            0
          33            0            0            0
          34            0            0            0
          35            0            1            3
          36            0            1            4
          37            2            5            1
          38            3            5            3
          39            0            5            2
          40            4            5            7
          41            3            5            0
          42            2            0            1
          43            4            3            0
          44            0            1            0
          45            0            1            0
          46            2            0            0
          47            1            0            0
          48            0            0            0
          49            0            0            0
          50            0            0            0
          51            0            0            0
          52            0            0            0
          53            0            0            0
          54            0            0            0
          55            0            0            0
          56            0            0            0
          57            0            0            0
          58            0            0            0
          59            0            0            0
          60            0            0            0
          61            0            0            0
          62            0            0            0
          63            0            0            0
          64            0            0            0
          65            0            0            0
          66            0            2            0
          67            0            0            0
          68            1            2            0
          69            3            5          124
          70            4            5           73
          71            3            5          125
          72            2            5          115
          73            1            5           63
          74            3            5           42
          75            3            5           31
          76            2            5            2
          77            1            5            0
          78            0            0            0
          79            0            0            0
          80            0            0            0
          81            0            0            0
          82            0            0            0
          83            0            0            0
          84            0            0            0
          85            0            0            0
          86            0            0            0
          87            0            0            0
          88            0            0            0
          89            0            0            0
          90            0            0            0
          91            0            0            0
          92            0            0            0
          93            0            2            0
          94            0            0            0
          95            2            5           83
          96            3            5          162
          97            0            5          230
          98            2            5          186
          99            2            5          216
         100            2            5          185
         101            2            5          186
         102            4            5          159
         103            1            5          184
         104            2            5          156
         105            4            5           95
         106            2            5            0
         107            1            0            0
         108            0            0            0
         109            0            0            0
         110            0            0            0
         111            0            0            0
         112            0            0            0
         113            0            0            0
         114            0            0            0
         115            0            0            0
         116            0            0            0
         117            0            0            0
         118            0            0            0
         119            0            0            0
         120            1            4            4
         121            0            5          127
         122            1            5          278
         123            5            5          252
         124            3            5          272
         125            3            5          295
         126            4            5          287
         127            1            5          280
         128            4            5          283
         129            2            5          286
         130            3            5          240
         131            4            5          241
         132            2            5          211
         133            3            5          162
         134            0            5           23
         135            0            0            0
         136            0            0            0
         137            0            0            0
         138            0            0            0
         139            0            0            0
         140            0            0            0
         141            0            0            0
         142            0            0            0
         143            0            0            0
         144            0            0            0
         145            0            3            1
         146            1            5          110
         147            5            5          228
         148            2            5          345
         149            4            5          353
         150            2            5          382
         151            0            5          372
         152            0            5          364
         153            4            5          368
         154            1            5          368
         155            1            5          347
         156            3            5          347
         157            3            5          319
         158            0            5          344
         159            3            5          329
         160            3            5          312
         161            1            5          248
         162            4            5          118
         163            3            2            0
         164            0            0            0
         165            0            0            0
         166            0            0            0
         167            0            0            0
         168            0            0            0
         169            0            0            0
         170            0            0            0
         171            0            0            0
         172            0            5           98
         173            1            5          306
         174            0            5          428
         175            1            5          453
         176            3            5          438
         177            3            5          470
         178            4            5          427
         179            5            5          436
         180            3            5          439
         181            1            5          432
         182            2            5          439
         183            1            5          424
         184            2            5          411
         185            2            5          392
         186            3            5          428
         187            1            5          422
         188            1            5          404
         189            1            5          346
         190            1            5          274
         191            4            5          115
         192            1            1            0
         193            0            0            0
         194            0            0            0
         195            0            0            0
         196            0            0            0
         197            0            0            0
         198            0            0            0
         199            0            2           10
         200            0            5          213
         201            0            5          417
         202            2            5          487
         203            3            5          520
         204            2            5          525
         205            2            5          526
         206            0            5          505
         207            2            5          503
         208            1            5          503
         209            3            5          486
         210            4            5          492
         211            0            5          507
         212            2            5          513
         213            2            5          512
         214            1            5          518
         215            0            5          499
         216            1            5          492
         217            1            5          473
         218            2            5          430
         219            1            5          389
         220            3            5          329
         221            2            5          172
         222            3            0            0
         223            0            0            0
         224            0            0            0
         225            0            0            0
         226            0            0            0
         227            0            0            0
         228            0            0            0
         229            0            5           92
         230            1            5          338
         231            0            5          532
         232            1            5          517
         233            3            5          529
         234            0            5          524
         235            4            5          509
         236            0            5          527
         237            1            5          510
         238            3            5          521
         239            3            5          522
         240            0            5          513
         241            5            5          528
         242            2            5          515
         243            5            5          510
         244            4            5          504
         245            4            5          514
         246            4            5          434
         247            3            5          344
         248            4            5          163
         249            0            0            0
         250            0            0            0
         251            0            0            0
         252            0            0            0
         253            0            0            0
         254            0            0            0
         255            0            5          110
         256            0            5          337
         257            1            5          521
         258            3            5          522
         259            4            5          516
         260            0            5          536
         261            3            5          527
         262            3            5          522
         263            1            5          521
         264            4            5          517
         265            2            5          518
         266            5            5          528
         267            2            5          536
         268            4            5          547
         269            5            5          487
         270            5            5          448
         271            4            5            0
