    #Muestra numJDBCCount numHTTPCount     numHTTPQ
           0            1            0            0
           1            0            1            0
           2            2            0            0
           3            0            0            0
           4            0            1            0
           5            0            2            0
           6            0            0            0
           7            1            2            0
           8            1            1            0
           9            2            2            0
          10            1            0            0
          11            1            0            0
          12            0            2            0
          13            0            2            0
          14            0            0            0
          15            0            1            0
          16            0            2            0
          17            0            0            0
          18            0            0            0
          19            0            0            0
          20            0            1            0
          21            0            0            0
          22            0            0            0
          23            0            0            0
          24            0            0            0
          25            0            0            0
          26            0            0            0
          27            0            0            0
          28            0            0            0
          29            0            0            0
          30            0            0            0
          31            0            0            0
          32            0            0            0
          33            0            0            0
          34            0            0            0
          35            0            0            0
          36            0            0            0
          37            0            0            0
          38            0            0            0
          39            0            0            0
          40            0            0            0
          41            0            1            0
          42            1            0            0
          43            0            1            0
          44            2            0            0
          45            1            4            0
          46            4            4           11
          47            2            1           38
          48            1            5            0
          49            0            5            0
          50            1            0            0
          51            1            0            0
          52            2            2            0
          53            1            0            0
          54            1            3            0
          55            0            0            0
          56            0            1            0
          57            0            1            0
          58            2            2            0
          59            0            0            0
          60            0            0            0
          61            0            0            0
          62            0            0            0
          63            0            0            0
          64            0            0            0
          65            0            0            0
          66            0            0            0
          67            0            0            0
          68            0            0            0
          69            0            0            0
          70            0            0            0
          71            0            0            0
          72            0            0            0
          73            0            0            0
          74            0            0            0
          75            0            0            0
          76            0            0            0
          77            0            0            0
          78            0            0            0
          79            0            0            0
          80            0            1            0
          81            0            5            0
          82            0            1            2
          83            3            2            0
          84            5            5           22
          85            3            5            5
          86            1            5            0
          87            4            4            3
          88            4            5            8
          89            3            2            3
          90            0            0            0
          91            0            0            0
          92            0            0            0
          93            0            0            0
          94            0            1            0
          95            0            0            0
          96            0            0            0
          97            0            0            0
          98            0            0            0
          99            0            1            0
         100            0            0            0
         101            0            0            0
         102            0            0            0
         103            0            0            0
         104            0            0            0
         105            0            0            0
         106            0            0            0
         107            0            0            0
         108            0            0            0
         109            0            0            0
         110            0            0            0
         111            0            0            0
         112            0            0            0
         113            0            3            0
         114            3            3            0
         115            2            5           60
         116            2            5          117
         117            1            5          134
         118            1            5           95
         119            1            5           92
         120            4            5           49
         121            0            5           11
         122            2            2            0
         123            3            0            0
         124            0            0            0
         125            0            1            0
         126            0            0            0
         127            0            0            0
         128            0            1            0
         129            0            0            0
         130            0            0            0
         131            0            0            0
         132            0            0            0
         133            0            0            0
         134            0            0            0
         135            0            0            0
         136            0            0            0
         137            0            0            0
         138            0            0            0
         139            0            0            0
         140            0            0            0
         141            0            2            1
         142            1            5           83
         143            1            5          200
         144            4            5          215
         145            4            5          199
         146            2            5          218
         147            4            5          194
         148            1            5          186
         149            3            5          159
         150            2            5          182
         151            0            5          165
         152            2            5           85
         153            4            5            0
         154            2            0            0
         155            0            0            0
         156            0            0            0
         157            0            0            0
         158            0            0            0
         159            0            0            0
         160            0            0            0
         161            0            0            0
         162            0            0            0
         163            0            0            0
         164            0            0            0
         165            0            0            0
         166            0            0            0
         167            2            5           67
         168            5            5          228
         169            0            5          270
         170            3            5          278
         171            4            5          294
         172            2            5          290
         173            1            5          278
         174            3            5          281
         175            3            5          282
         176            5            5          242
         177            5            5          235
         178            4            5          207
         179            0            5          162
         180            4            5           29
         181            0            1            0
         182            0            0            0
         183            0            0            0
         184            0            0            0
         185            0            0            0
         186            0            0            0
         187            0            0            0
         188            0            0            0
         189            0            0            0
         190            0            0            0
         191            0            0           21
         192            2            5          131
         193            4            5          256
         194            4            5          358
         195            3            5          351
         196            2            5          382
         197            1            5          374
         198            1            5          379
         199            1            5          365
         200            2            5          366
         201            1            5          331
         202            2            5          346
         203            2            5          347
         204            3            5          342
         205            1            5          311
         206            0            5          254
         207            1            5          147
         208            1            1            0
         209            0            0            0
         210            0            0            0
         211            0            0            0
         212            0            0            0
         213            0            0            0
         214            0            0            0
         215            0            0            0
         216            0            0            0
         217            0            2           51
         218            1            5          224
         219            3            5          384
         220            3            5          455
         221            2            5          456
         222            1            5          435
         223            1            5          468
         224            1            5          433
         225            2            5          434
         226            3            5          462
         227            2            5          437
         228            2            5          392
         229            2            5          409
         230            1            5          396
         231            2            5          437
         232            1            5          432
         233            3            5          404
         234            2            5          372
         235            4            5          331
         236            0            5          237
         237            3            3            0
         238            0            0            0
         239            0            0            0
         240            0            0            0
         241            0            0            0
         242            0            0            0
         243            0            0            0
         244            0            0            0
         245            0            5          136
         246            2            5          375
         247            0            5          494
         248            0            5          524
         249            3            5          532
         250            2            5          521
         251            3            5          512
         252            0            5          501
         253            3            5          502
         254            0            5          508
         255            2            5          502
         256            1            5          505
         257            3            5          520
         258            0            5          508
         259            5            5          520
         260            2            5          486
         261            1            5          498
         262            2            5          464
         263            0            5          439
         264            4            5          363
         265            1            5          332
         266            0            5          179
         267            1            5            0
         268            0            0            0
         269            0            0            0
         270            0            0            0
         271            0            0            0
         272            0            0            0
         273            0            0            0
         274            0            5          117
         275            0            5          461
         276            3            5          526
         277            1            5          517
         278            2            5          526
         279            5            5          530
         280            1            5          525
         281            1            5          520
         282            0            5          512
         283            3            5          517
         284            1            5          525
         285            2            5          510
         286            4            5          517
         287            2            5          522
         288            2            5          511
         289            3            5          499
         290            2            5          451
         291            2            5          381
         292            2            5          244
         293            4            1            0
         294            0            0            0
         295            0            0            0
         296            0            0            0
         297            0            0            0
         298            0            0            0
         299            0            5          112
         300            0            5          366
         301            2            5          515
         302            4            5          521
         303            1            5          528
         304            3            5          522
         305            3            5          511
         306            3            5          510
         307            4            5          516
         308            4            5          514
         309            4            5          533
         310            4            5          530
         311            3            5          526
         312            1            5          554
         313            3            5          448
         314            5            5            0
