    #Muestra numJDBCCount numHTTPCount     numHTTPQ
           0            2            5           70
           1            0            5          117
           2            2            5           84
           3            3            5           44
           4            1            5           30
           5            2            1            0
           6            0            0            0
           7            0            1            0
           8            0            0            0
           9            0            0            0
          10            0            0            0
          11            0            0            0
          12            0            0            0
          13            0            0            0
          14            0            0            0
          15            0            0            0
          16            0            0            0
          17            0            0            0
          18            0            0            0
          19            0            0            0
          20            0            0            0
          21            0            0            0
          22            0            1            0
          23            1            5           21
          24            0            5          104
          25            2            5          227
          26            2            5          210
          27            4            5          216
          28            2            5          228
          29            2            5          158
          30            0            5          197
          31            3            5          174
          32            0            5          139
          33            0            5          119
          34            2            5           67
          35            2            0            0
          36            1            1            0
          37            0            0            0
          38            0            0            0
          39            0            0            0
          40            0            0            0
          41            0            0            0
          42            0            0            0
          43            0            0            0
          44            0            0            0
          45            0            0            0
          46            0            0            0
          47            0            0            0
          48            2            1            0
          49            2            5           97
          50            3            5          273
          51            1            5          264
          52            1            5          265
          53            1            5          295
          54            1            5          289
          55            3            5          292
          56            4            5          283
          57            4            5          286
          58            3            5          240
          59            2            5          226
          60            0            5          239
          61            0            5          175
          62            3            5          103
          63            1            5            0
          64            1            1            0
          65            0            0            0
          66            0            0            0
          67            0            0            0
          68            0            0            0
          69            0            0            0
          70            0            0            0
          71            0            0            0
          72            0            0            0
          73            0            0            0
          74            0            3           21
          75            1            5          144
          76            2            5          284
          77            0            5          351
          78            2            5          345
          79            1            5          376
          80            0            5          370
          81            2            5          379
          82            2            5          349
          83            3            5          371
          84            2            5          342
          85            2            5          324
          86            3            5          323
          87            2            5          342
          88            2            5          323
          89            0            5          269
          90            1            5          201
          91            2            5           48
          92            0            0            0
          93            0            0            0
          94            0            0            0
          95            0            0            0
          96            0            0            0
          97            0            0            0
          98            0            0            0
          99            0            0            0
         100            0            4           32
         101            0            5          225
         102            0            5          383
         103            1            5          455
         104            2            5          449
         105            2            5          453
         106            3            5          463
         107            0            5          426
         108            0            5          438
         109            3            5          440
         110            2            5          446
         111            1            5          448
         112            4            5          409
         113            0            5          397
         114            0            5          419
         115            2            5          445
         116            4            5          399
         117            1            5          371
         118            3            5          325
         119            1            5          241
         120            1            5            0
         121            0            0            0
         122            0            0            0
         123            0            0            0
         124            0            0            0
         125            0            0            0
         126            0            0            0
         127            0            0            0
         128            1            5          189
         129            3            5          389
         130            1            5          487
         131            0            5          504
         132            1            5          532
         133            0            5          528
         134            3            5          496
         135            2            5          512
         136            1            5          508
         137            0            5          499
         138            2            5          496
         139            1            5          506
         140            2            5          519
         141            0            5          501
         142            2            5          508
         143            1            5          505
         144            0            5          488
         145            1            5          478
         146            4            5          482
         147            2            5          461
         148            3            5          394
         149            4            5          333
         150            0            5          259
         151            0            5            0
         152            0            0            0
         153            0            0            0
         154            0            0            0
         155            0            0            0
         156            0            0            0
         157            0            0            0
         158            0            5           93
         159            0            5          382
         160            2            5          532
         161            1            5          517
         162            2            5          515
         163            0            5          515
         164            2            5          527
         165            4            5          496
         166            2            5          523
         167            1            5          506
         168            4            5          528
         169            2            5          524
         170            3            5          523
         171            5            5          523
         172            0            5          517
         173            1            5          512
         174            4            5          436
         175            3            5          334
         176            1            5          121
         177            0            0            0
         178            0            0            0
         179            0            0            0
         180            0            0            0
         181            0            0            0
         182            0            0            1
         183            0            5          146
         184            2            5          411
         185            1            5          523
         186            0            5          520
         187            2            5          519
         188            4            5          532
         189            1            5          525
         190            5            5          510
         191            0            5          519
         192            3            5          521
         193            1            5          528
         194            3            5          529
         195            4            5          535
         196            2            5          551
         197            4            5          564
         198            5            5            0
