    #Muestra numJDBCCount numHTTPCount     numHTTPQ
           0            0            0            0
           1            0            0            0
           2            1            0            0
           3            0            0            0
           4            0            1            0
           5            0            1            0
           6            0            0            1
           7            0            1            0
           8            0            0            0
           9            0            0            0
          10            0            0            1
          11            0            0            0
          12            0            0            0
          13            0            0            0
          14            0            0            0
          15            0            0            0
          16            1            0            0
          17            0            0            0
          18            0            0            0
          19            0            0            0
          20            0            0            0
          21            0            0            0
          22            0            0            0
          23            0            0            0
          24            0            0            0
          25            0            0            0
          26            0            0            0
          27            0            0            0
          28            0            0            0
          29            0            0            0
          30            0            0            0
          31            0            0            0
          32            0            0            0
          33            0            0            0
          34            0            0            0
          35            0            0            0
          36            0            0            0
          37            0            0            0
          38            0            0            0
          39            0            0            0
          40            0            0            0
          41            0            1            0
          42            0            0            0
          43            0            1            0
          44            0            0            0
          45            0            0            0
          46            0            1            0
          47            0            1            0
          48            3            1            0
          49            0            1            0
          50            1            0            0
          51            0            0            0
          52            1            1            0
          53            1            0            0
          54            0            5            0
          55            1            0            0
          56            0            0            1
          57            0            0            0
          58            0            5            0
          59            0            2            0
          60            1            0            0
          61            0            1            0
          62            0            2            0
          63            0            1            0
          64            0            0            0
          65            1            1            0
          66            0            1            0
          67            0            0            0
          68            0            0            0
          69            0            0            0
          70            0            0            0
          71            0            0            0
          72            0            0            0
          73            0            0            0
          74            0            0            0
          75            0            0            0
          76            0            0            0
          77            0            0            0
          78            0            0            0
          79            0            0            0
          80            0            0            0
          81            0            0            0
          82            0            0            0
          83            0            0            0
          84            0            0            0
          85            0            0            0
          86            0            0            0
          87            0            0            0
          88            0            0            0
          89            0            1            0
          90            0            0            0
          91            0            0            0
          92            0            0            0
          93            0            1            2
          94            0            5            0
          95            1            3            0
          96            5            0            0
          97            0            0            0
          98            0            0            0
          99            1            0            0
         100            0            2            0
         101            1            0            0
         102            0            1            0
         103            0            1            0
         104            0            0            0
         105            0            1            0
         106            0            0            0
         107            0            0            0
         108            0            0            0
         109            0            0            0
         110            0            0            0
         111            0            0            0
         112            0            0            0
         113            0            0            0
         114            0            0            0
         115            0            0            0
         116            0            0            0
         117            0            0            0
         118            0            0            0
         119            0            0            0
         120            0            0            0
         121            0            0            0
         122            0            0            0
         123            0            0            0
         124            0            0            0
         125            0            0            0
         126            0            0            0
         127            0            0            0
         128            3            0            0
         129            0            5            0
         130            1            5            0
         131            4            5           22
         132            2            5           21
         133            3            5            9
         134            2            5            0
         135            0            4            6
         136            1            5            0
         137            1            1            0
         138            1            0            0
         139            2            0            0
         140            0            0            0
         141            0            0            0
         142            0            0            0
         143            0            0            0
         144            0            0            0
         145            0            0            0
         146            0            0            0
         147            0            0            0
         148            0            0            0
         149            0            0            0
         150            0            0            0
         151            0            0            0
         152            0            0            0
         153            0            0            0
         154            0            0            0
         155            0            0            0
         156            0            0            0
         157            0            0            0
         158            0            0            0
         159            0            1            0
         160            0            1            0
         161            3            0            2
         162            0            1            0
         163            2            5           98
         164            1            5           81
         165            3            5          118
         166            1            5          114
         167            2            5           41
         168            4            5            5
         169            2            5            0
         170            3            2            0
         171            2            3            0
         172            0            1            0
         173            0            1            0
         174            0            0            0
         175            0            0            0
         176            0            0            0
         177            0            0            0
         178            0            0            0
         179            0            0            0
         180            0            0            0
         181            0            0            0
         182            0            0            0
         183            0            0            0
         184            0            0            0
         185            0            0            0
         186            0            1            0
         187            0            2            4
         188            4            5           90
         189            0            5          195
         190            4            5          215
         191            0            5          195
         192            3            5          213
         193            2            5          178
         194            2            5          180
         195            3            5          168
         196            2            5          172
         197            0            5          160
         198            4            5           77
         199            1            4            1
         200            4            0            0
         201            0            0            0
         202            0            0            0
         203            0            0            0
         204            0            0            0
         205            0            0            0
         206            0            0            0
         207            0            0            0
         208            0            0            0
         209            0            0            0
         210            0            0            0
         211            0            0            0
         212            1            2            0
         213            2            5          105
         214            2            5          271
         215            5            5          259
         216            2            5          288
         217            3            5          285
         218            1            5          292
         219            3            5          313
         220            3            5          279
         221            4            5          291
         222            2            5          245
         223            2            5          228
         224            3            5          201
         225            3            5          169
         226            2            5           25
         227            0            0            0
         228            0            0            0
         229            0            0            0
         230            0            0            0
         231            0            0            0
         232            0            0            0
         233            0            0            0
         234            0            0            0
         235            0            0            0
         236            0            0            0
         237            0            1            0
         238            3            5           90
         239            0            5          211
         240            3            5          334
         241            3            5          372
         242            4            5          367
         243            5            5          370
         244            0            5          360
         245            2            5          352
         246            1            5          365
         247            2            5          365
         248            4            5          349
         249            0            5          309
         250            1            5          344
         251            1            5          323
         252            3            5          321
         253            4            5          234
         254            0            5          118
         255            2            0            0
         256            0            0            0
         257            0            0            0
         258            0            0            0
         259            0            0            0
         260            0            0            0
         261            0            0            0
         262            0            0            0
         263            0            0            0
         264            1            5          118
         265            1            5          303
         266            2            5          432
         267            0            5          450
         268            1            5          431
         269            0            5          475
         270            3            5          422
         271            2            5          448
         272            1            5          450
         273            0            5          426
         274            0            5          445
         275            4            5          406
         276            3            5          405
         277            3            5          391
         278            2            5          425
         279            2            5          422
         280            3            5          407
         281            3            5          345
         282            1            5          269
         283            4            5          190
         284            2            0            0
         285            0            0            0
         286            0            0            0
         287            0            0            0
         288            0            0            0
         289            0            0            0
         290            0            0            0
         291            0            5            6
         292            1            5          208
         293            0            5          431
         294            1            5          487
         295            1            5          528
         296            5            5          537
         297            1            5          512
         298            0            5          505
         299            1            5          502
         300            1            5          497
         301            2            5          493
         302            0            5          510
         303            2            5          510
         304            2            5          514
         305            0            5          520
         306            2            5          516
         307            3            5          508
         308            2            5          496
         309            3            5          494
         310            1            5          463
         311            0            5          437
         312            3            5          363
         313            3            5          315
         314            0            5          125
         315            0            0            0
         316            0            0            0
         317            0            0            0
         318            0            0            0
         319            0            0            0
         320            0            0            0
         321            0            0            0
         322            1            5          112
         323            1            5          487
         324            2            5          520
         325            0            5          531
         326            2            5          526
         327            3            5          504
         328            2            5          526
         329            5            5          520
         330            2            5          504
         331            0            5          523
         332            4            5          519
         333            4            5          511
         334            1            5          516
         335            4            5          507
         336            4            5          525
         337            0            5          447
         338            5            5          427
         339            4            5          278
         340            1            5            0
         341            0            0            0
         342            0            0            0
         343            0            0            0
         344            0            0            0
         345            0            0            0
         346            0            1            0
         347            2            5          227
         348            3            5          462
         349            2            5          505
         350            2            5          523
         351            2            5          530
         352            3            5          531
         353            1            5          480
         354            3            5          519
         355            2            5          521
         356            5            5          523
         357            3            5          533
         358            1            5          530
         359            1            5          549
         360            1            5          488
         361            3            5          585
         362            5            5          172
         363            1            5           53
