    #Muestra numJDBCCount numHTTPCount     numHTTPQ
           0            4            5            8
           1            0            4            0
           2            2            5            5
           3            0            5            1
           4            4            3            0
           5            0            1            0
           6            0            0            0
           7            0            0            0
           8            0            0            0
           9            0            0            0
          10            1            0            0
          11            0            0            0
          12            0            0            0
          13            0            0            0
          14            0            0            0
          15            0            0            0
          16            0            0            0
          17            0            0            0
          18            0            0            0
          19            0            0            0
          20            0            0            0
          21            0            0            0
          22            0            0            0
          23            0            0            0
          24            0            0            0
          25            0            0            0
          26            0            0            0
          27            0            0            0
          28            0            0            0
          29            1            2            2
          30            1            0            0
          31            3            5          103
          32            1            5           79
          33            4            5          114
          34            3            5          107
          35            3            5           73
          36            1            5           10
          37            3            3           27
          38            3            4            3
          39            1            1            0
          40            0            0            0
          41            1            2            0
          42            0            1            0
          43            0            0            0
          44            0            0            0
          45            0            0            0
          46            0            0            0
          47            0            0            0
          48            0            0            0
          49            0            0            0
          50            0            0            0
          51            0            0            0
          52            0            0            0
          53            0            0            0
          54            0            0            0
          55            0            1            0
          56            0            4            0
          57            0            5           89
          58            2            5          179
          59            0            5          225
          60            1            5          194
          61            1            5          220
          62            1            5          206
          63            3            5          178
          64            4            5          154
          65            4            5          184
          66            1            5          155
          67            3            5           89
          68            3            5            0
          69            2            0            0
          70            0            0            0
          71            0            0            0
          72            0            0            0
          73            0            0            0
          74            0            0            0
          75            0            0            0
          76            0            0            0
          77            0            0            0
          78            0            0            0
          79            0            0            0
          80            0            0            0
          81            0            0            0
          82            2            5           75
          83            1            5          215
          84            3            5          271
          85            0            5          260
          86            0            5          285
          87            2            5          290
          88            5            5          286
          89            0            5          293
          90            1            5          281
          91            1            5          235
          92            5            5          239
          93            4            5          221
          94            5            5          165
          95            5            5           65
          96            5            2            0
          97            1            1            0
          98            0            0            0
          99            0            0            0
         100            0            0            0
         101            0            0            0
         102            0            0            0
         103            0            0            0
         104            0            0            0
         105            0            0            0
         106            0            0            0
         107            1            5           44
         108            3            5          161
         109            0            5          284
         110            2            5          359
         111            2            5          352
         112            3            5          375
         113            0            5          360
         114            0            5          383
         115            1            5          359
         116            2            5          367
         117            2            5          336
         118            3            5          352
         119            2            5          343
         120            0            5          342
         121            4            5          320
         122            3            5          260
         123            2            5          170
         124            0            5            0
         125            0            0            0
         126            0            0            0
         127            0            0            0
         128            0            0            0
         129            0            0            0
         130            0            0            0
         131            0            0            0
         132            0            0            0
         133            2            5           95
         134            2            5          278
         135            1            5          425
         136            2            5          464
         137            5            5          440
         138            4            5          448
         139            1            5          442
         140            3            5          419
         141            1            5          451
         142            0            5          424
         143            2            5          435
         144            1            5          410
         145            2            5          420
         146            2            5          396
         147            2            5          426
         148            2            5          418
         149            4            5          404
         150            4            5          347
         151            1            5          269
         152            2            5          133
         153            3            0            0
         154            0            0            0
         155            0            0            0
         156            0            0            0
         157            0            0            0
         158            0            0            0
         159            0            0            0
         160            0            0            9
         161            1            5          200
         162            0            5          428
         163            1            5          487
         164            0            5          524
         165            4            5          517
         166            0            5          518
         167            5            5          509
         168            2            5          497
         169            4            5          493
         170            0            5          488
         171            2            5          509
         172            4            5          505
         173            3            5          504
         174            1            5          514
         175            0            5          519
         176            3            5          478
         177            3            5          489
         178            2            5          475
         179            5            5          457
         180            1            5          393
         181            3            5          327
         182            3            5          233
         183            3            5            0
         184            0            0            0
         185            0            0            0
         186            0            0            0
         187            0            0            0
         188            0            0            0
         189            0            0            0
         190            3            2           89
         191            1            5          436
         192            0            5          529
         193            4            5          533
         194            1            5          516
         195            0            5          523
         196            2            5          518
         197            2            5          512
         198            2            5          519
         199            1            5          524
         200            0            5          525
         201            2            5          521
         202            2            5          525
         203            0            5          522
         204            4            5          518
         205            1            5          497
         206            0            5          434
         207            0            5          366
         208            3            5          243
         209            0            0            0
         210            0            0            0
         211            0            0            0
         212            0            0            0
         213            0            0            0
         214            0            0            0
         215            0            3           83
         216            1            5          345
         217            0            5          522
         218            1            5          529
         219            1            5          530
         220            2            5          533
         221            2            5          528
         222            4            5          501
         223            3            5          512
         224            1            5          512
         225            4            5          523
         226            1            5          518
         227            5            5          537
         228            3            5          541
         229            1            5          560
         230            5            5          296
         231            5            4            0
