25 0.83 7 13 25.078665804038536 10 15 9.889529849225754
75 1.28 8 17 69.03694489048692 13 20 27.221285582700588
125 2.39 13 28 117.1521895941921 20 34 47.224551010214874
175 3.49 38 76 160.55748813879254 46 84 62.71504592254269
225 4.62 46 122 189.04520075878915 55 132 73.96177238011198
275 6.27 262 630 218.24519730787657 273 640 85.98983289651403
325 8.21 826 1366 202.59143643434263 842 1392 79.8595997440161
375 9.39 1328 1877 195.63596538930045 1346 1892 76.54098227104429
425 10.93 2145 2940 177.83017114331477 2164 2955 68.91239176487655
475 11.24 2793 3925 169.11046036150913 2821 3954 65.85384842253079
525 12.16 3598 4809 156.99906682522868 3632 4837 61.066861732475026
575 10.63 3186 4296 184.9303601849676 3230 4338 71.94941577135872
